1.000000000000000000e+00
2.000000000000000000e+00
3.000000000000000000e+00
5.000000000000000000e+00
7.000000000000000000e+00
1.000000000000000000e+01
1.400000000000000000e+01
1.900000000000000000e+01
2.600000000000000000e+01
3.500000000000000000e+01
4.700000000000000000e+01
6.300000000000000000e+01
8.400000000000000000e+01
1.110000000000000000e+02
1.470000000000000000e+02
1.940000000000000000e+02
2.560000000000000000e+02
3.380000000000000000e+02
4.460000000000000000e+02
5.890000000000000000e+02
7.780000000000000000e+02
1.027000000000000000e+03
1.356000000000000000e+03
1.790000000000000000e+03
2.362000000000000000e+03
